44 25

1 2 3 3 3 3 3 3 3 3 3 3 3 3 3 3 3 3 3 3 3 3 3 3 3 3 3 3 3 3 3 3 3 3 3 3 3 3 3 3 3 3 4 5 28 29 30 30 30 30 30 30 30 30 30 30 30 30 30 30 30 30 30 30 30 30 30 30 30 30 30 30 30 30 30 30 30 30 30 30 30 30 30 30 30 30 31 32 55 56 57 57 57 57 57 57 57 57 57 57 57 57 57 57 57 57 57 57 57 57 57 57 57 57 57 57 57 57 57 57 57 57 57 57 57 57 57 57 57 57 58 59 82 83 1 1 1 1 1 1 92 1 1 1 1 1 1 1 1 1 1 65 1 1 1 1 1 1 1 1 1 1 1 1 1 92 1 1 1 1 1 1 1 1 85 86 82 83 1 1 1 1 1 1 1 1 1 1 1 65 98 1 1 1 1 1 1 1 1 1 1 1 1 1 1 11 1 1 1 1 1 1 1 1 1 65 1 1 85 86 82 83 1 1 1 1 11 1 1 1 1 1 1 1 1 1 1 11 1 1 1 1 1 1 1 1 1 1 1 1 1 1 1 1 1 11 1 1 1 1 1 1 85 86 82 83 1 1 1 1 1 1 332 1 1 1 1 1 1 1 1 1 1 1 1 1 1 1 1 1 1 1 1 1 1 11 1 1 1 1 1 1 1 1 1 1 85 86 82 83 1 92 1 1 1 1 1 1 1 1 1 1 1 38 1 1 1 1 1 92 1 1 1 1 1 1 1 1 1 38 1 1 1 1 1 92 119 1 1 1 85 86 82 83 1 1 1 1 1 1 1 1 1 1 1 92 1 1 1 1 1 1 1 1 1 1 1 1 11 1 1 1 1 1 1 1 1 1 1 1 1 1 1 1 85 86 82 83 1 1 1 1 119 1 1 1 1 1 1 1 1 1 1 1 1 1 1 1 1 1 1 1 1 1 1 1 1 1 1 1 1 1 1 1 1 1 92 1 85 86 82 83 1 1 1 1 1 1 1 1 1 11 1 1 1 1 1 1 1 11 1 1 1 1 1 119 1 1 1 1 1 1 1 1 1 1 65 1 1 1 1 1 85 86 82 83 1 1 1 1 1 1 1 1 1 1 65 1 1 1 1 1 1 1 1 1 1 1 1 1 1 1 1 1 1 1 1 1 1 1 1 1 1 1 1 1 85 86 82 83 1 1 11 1 1 1 1 1 1 1 1 1 1 1 1 1 1 1 1 1 65 1 1 1 1 1 1 1 1 1 11 1 1 1 1 1 1 1 1 1 85 86 82 83 1 1 1 1 1 1 1 1 1 1 1 1 1 1 1 1 119 1 1 1 1 1 1 1 38 1 1 1 92 1 1 1 1 1 1 1 1 1 1 1 85 86 82 83 1 1 1 1 1 1 1 1 1 1 1 1 1 1 1 1 1 1 1 1 1 1 1 1 1 1 1 1 1 1 1 1 38 1 1 1 1 92 1 1 85 86 82 83 1 1 1 1 1 1 92 1 1 1 1 1 1 1 1 1 1 1 1 1 1 1 1 1 119 1 1 1 1 1 1 1 1 1 1 1 1 1 1 1 85 86 82 83 1 1 1 1 1 1 1 1 1 1 1 1 1 1 1 1 1 65 1 1 1 1 1 1 1 1 1 1 1 1 1 1 1 1 1 1 1 1 1 1 85 86 82 83 1 1 1 1 1 1 1 1 1 1 1 1 1 1 1 1 1 1 1 92 1 1 1 1 1 1 1 1 1 1 1 1 1 1 1 1 1 65 1 1 85 86 82 83 1 1 1 1 1 1 1 1 1 65 1 1 1 1 11 1 1 1 1 1 1 1 1 1 1 1 1 11 1 1 1 1 1 1 1 1 11 1 1 1 85 86 82 83 1 11 1 1 1 1 1 1 1 1 1 1 1 1 1 1 1 1 1 1 1 1 1 1 1 1 1 1 1 1 38 1 1 1 1 1 1 1 1 1 85 86 82 83 1 1 1 1 1 1 1 1 1 1 1 1 1 1 1 1 1 1 1 1 1 1 1 1 1 1 1 1 1 1 1 1 1 1 1 1 1 1 1 1 85 86 82 83 1 1 1 1 65 1 1 1 1 1 1 1 1 1 1 1 1 1 1 1 119 1 11 1 1 1 1 1 1 1 1 1 1 1 1 1 1 65 1 1 85 86 82 83 1 1 1 1 11 1 1 1 1 1 65 1 1 1 1 38 1 1 1 1 1 1 1 1 1 1 1 1 1 1 1 11 1 1 1 1 1 1 1 1 85 86 82 83 1 1 1 1 1 1 1 1 1 1 1 1 1 1 1 1 1 1 1 1 1 1 1 1 1 1 1 1 1 1 1 1 1 1 1 1 1 1 1 1 85 86 109 110 111 112 110 111 112 110 111 112 110 111 112 110 111 112 110 111 112 110 111 112 110 111 112 110 111 112 110 111 112 110 111 112 110 111 112 110 111 112 110 111 112 113

31

2 3 4 28 29 30 31 32 55 59 82 86 109 110 111 112 113 136 137 138 139 140 40 163 165 166 168 169 171 172 174

4

164 167 170 173

